916590003
905796349
9286241614
831236272
901737070
909474931
913329860
914282239
914573462
914573691
915999331
915999447
922658390
923384294
923428666
923943331
923384588
923385177
924251816
925172421
925173886
925449172
925637068
925659304
925720526
925798584
925853127
926148532
926662031
926662074
926695894
926747851
927034972
927035049
927235447
927520052
927524678
927638843
927703122
927708361
927898888
927932601
928014762
928076008
928082709
928389170
928591573
928605930
928608387
928609863
928610730
928611469
928611787
928615057
928615529
928615570
928615774
928616495
928617009
928617203
928617459
928617750
928618455
928618889
928619737
928620654
928621022
928621278
928621510
928621570
928621782
928622053
928622215
928620980
928622304
928622509
928622673
928623017
928623025
928623106
928623319
928623335
928624099
928624161
928624269
928624340
928624439
928624609
928624722
928624935
928625826
928625931
928626334
928626687
928626750
928627497
928627780
928628876
928630072
928631028
928631044
928631141
928631206
928631354
928631460
928631567
928632016
928631010
928631680
928633268
928633276
292
928633942
928634450
928634558
928634590
928635015
928635082
928635163
928635040
928635538
928635910
928636089
928636135
928636380
928636518
928636798
928637034
928637093
928637379
928637280
928638014
928638197
928638308
928638405
928638553
928638774
928638880
928639380
928639541
928639959
928640400
928640655
928640973
928641651
928642470
928642488
928642887
928643620
928643590
