906521580
906521823
906521904
906522943
906523168
906524059
906524113
906524512
906524873
906524970
906525144
906525705
906525748
906526523
906526639
906527163
906527554
906527775
906528011
906528143
906528534
906529786
906531330
906532272
906532280
906533260
906533384
906535573
906536138
906536820
906588260
906588324
906588413
906588448
906592410
907007368
907149170
907409318
907776078
907850235
908044003
908072813
910235147
913010901
913447820
917171543
917726995
917771940
917781872
917835204
919849822
920075614
929008499
929086937
929186516
929212541
929226941
929240138
929434889
929434900
933259310
933547714
934907773
935018875
935018999
935019308
935024026
935039830
